假定四种碱基的背景概率相等。

pseudocounts=0.5

Position-Specific Scoring Matrices（log2 of PWM）

mean = 12.04, standard deviation = 4.22
max = 19.78, min = -44.53
threshold = 7.82
        0      1      2      3      4      5      6      7      8      9     10     11     12     13     14
A:  -4.64  -4.64   1.90   1.86   1.46   0.57   0.31   0.64   0.40  -0.74  -1.84  -0.74   1.70   1.83   1.42
C:  -4.64  -0.94  -2.32  -4.64  -0.74  -1.84   0.40  -0.40  -0.56   0.64  -3.06  -0.56  -1.18  -3.06  -1.47
G:   1.96  -3.06  -4.64  -3.06  -1.47   0.31  -0.56  -0.94   0.49  -0.40   1.77  -4.64  -4.64  -4.64  -0.40
T:  -4.64   1.73  -4.64  -2.32  -1.84   0.00  -0.40   0.21  -0.74   0.11  -2.32   1.42  -1.84  -1.84  -2.32

mean = 12.15, standard deviation = 4.25
max = 20.43, min = -45.48
threshold = 7.90
        0      1      2      3      4      5      6      7      8      9     10     11     12     13     14     15
A:  -4.64  -4.64   1.90   1.86   1.46   0.57   0.31   0.64   0.64   0.40  -0.74  -1.84  -0.74   1.70   1.83   1.42
C:  -4.64  -0.94  -2.32  -4.64  -0.74  -1.84   0.40  -0.40  -0.40  -0.56   0.64  -3.06  -0.56  -1.18  -3.06  -1.47
G:   1.96  -3.06  -4.64  -3.06  -1.47   0.31  -0.56  -0.94  -0.94   0.49  -0.40   1.77  -4.64  -4.64  -4.64  -0.40
T:  -4.64   1.73  -4.64  -2.32  -1.84   0.00  -0.40   0.21   0.21  -0.74   0.11  -2.32   1.42  -1.84  -1.84  -2.32