假定四种碱基的背景概率相等。

pseudocounts=0.5

Position-Specific Scoring Matrices（log2 of PWM）
mean = 11.53, standard deviation = 4.25
max = 20.15, min = -43.04
threshold = 7.29 #意义，背景概率的2^n倍
        0      1      2      3      4      5      6      7      8      9     10     11     12     13     14     15
A:  -4.43  -4.43   1.88   1.84   1.46   0.70   0.43   0.62   0.62   0.33  -0.73  -1.62  -0.52   1.64   1.80   1.30
C:  -4.43  -0.97  -2.10  -4.43  -0.73  -1.62   0.43  -0.52  -0.52  -0.52   0.53  -2.84  -0.73  -0.97  -2.84  -1.26
G:   1.95  -2.84  -4.43  -2.84  -1.62   0.22  -0.97  -0.73  -0.73   0.53  -0.18   1.72  -4.43  -4.43  -4.43  -0.18
T:  -4.43   1.72  -4.43  -2.10  -1.62  -0.18  -0.34   0.22   0.22  -0.73   0.10  -2.10   1.41  -1.62  -1.62  -2.10	