假定四种碱基的背景概率相等。

pseudocounts=0.5

Position-Specific Scoring Matrices（log2 of PWM）

        0      1      2      3      4      5      6      7      8      9     10     11     12     13     14
A:  -4.29  -2.70   1.90   1.86   1.44   0.67   0.57   0.47   0.67  -1.12  -1.48  -0.38   1.50   1.69   1.21
C:  -4.29  -0.83  -4.29  -4.29  -0.58  -0.83   0.36  -0.83  -0.58   0.36  -1.96  -1.48  -1.12  -1.96  -1.12
G:   1.94  -2.70  -4.29  -2.70  -1.96   0.24  -1.12  -0.20   0.11  -0.04   1.74  -2.70  -4.29  -2.70  -0.20
T:  -4.29   1.65  -2.70  -2.70  -1.48  -0.58  -0.38   0.24  -0.58   0.36  -4.29   1.44  -0.58  -1.48  -1.48

mean = 10.78, standard deviation = 4.19
max = 19.11, min = -37.44
threshold=6.58